qx	qy	Energy_lower	Energy_upper
-1.0000000000e-01	-1.0000000000e-01	4.5989859808e+00	1.6841993264e+00
-1.0000000000e-01	-9.0000000000e-02	4.5376020271e+00	1.7455832801e+00
-1.0000000000e-01	-8.0000000000e-02	4.4782275000e+00	1.8049578072e+00
-1.0000000000e-01	-7.0000000000e-02	4.4217785064e+00	1.8614068008e+00
-1.0000000000e-01	-6.0000000000e-02	4.3692921208e+00	1.9138931864e+00
-1.0000000000e-01	-5.0000000000e-02	4.3219092578e+00	1.9612760494e+00
-1.0000000000e-01	-4.0000000000e-02	4.2808368728e+00	2.0023484344e+00
-1.0000000000e-01	-3.0000000000e-02	4.2472838930e+00	2.0359014142e+00
-1.0000000000e-01	-2.0000000000e-02	4.2223698161e+00	2.0608154911e+00
-1.0000000000e-01	-1.0000000000e-02	4.2070138718e+00	2.0761714353e+00
-1.0000000000e-01	0.0000000000e+00	4.2018240661e+00	2.0813612411e+00
-1.0000000000e-01	1.0000000000e-02	4.2070135094e+00	2.0761717978e+00
-1.0000000000e-01	2.0000000000e-02	4.2223691058e+00	2.0608162014e+00
-1.0000000000e-01	3.0000000000e-02	4.2472828617e+00	2.0359024455e+00
-1.0000000000e-01	4.0000000000e-02	4.2808355564e+00	2.0023497507e+00
-1.0000000000e-01	5.0000000000e-02	4.3219076973e+00	1.9612776099e+00
-1.0000000000e-01	6.0000000000e-02	4.3692903585e+00	1.9138949487e+00
-1.0000000000e-01	7.0000000000e-02	4.4217765834e+00	1.8614087238e+00
-1.0000000000e-01	8.0000000000e-02	4.4782254543e+00	1.8049598529e+00
-1.0000000000e-01	9.0000000000e-02	4.5375998930e+00	1.7455854142e+00
-1.0000000000e-01	1.0000000000e-01	4.5989837884e+00	1.6842015188e+00
-9.0000000000e-02	-1.0000000000e-01	4.5376020271e+00	1.7455832801e+00
-9.0000000000e-02	-9.0000000000e-02	4.4719468068e+00	1.8112385004e+00
-9.0000000000e-02	-8.0000000000e-02	4.4080999236e+00	1.8750853836e+00
-9.0000000000e-02	-7.0000000000e-02	4.3470378624e+00	1.9361474448e+00
-9.0000000000e-02	-6.0000000000e-02	4.2898956115e+00	1.9932896957e+00
-9.0000000000e-02	-5.0000000000e-02	4.2379585182e+00	2.0452267890e+00
-9.0000000000e-02	-4.0000000000e-02	4.1926289448e+00	2.0905563624e+00
-9.0000000000e-02	-3.0000000000e-02	4.1553563634e+00	2.1278289438e+00
-9.0000000000e-02	-2.0000000000e-02	4.1275238554e+00	2.1556614518e+00
-9.0000000000e-02	-1.0000000000e-02	4.1102969973e+00	2.1728883098e+00
-9.0000000000e-02	0.0000000000e+00	4.1044617870e+00	2.1787235202e+00
-9.0000000000e-02	1.0000000000e-02	4.1102965869e+00	2.1728887203e+00
-9.0000000000e-02	2.0000000000e-02	4.1275230535e+00	2.1556622536e+00
-9.0000000000e-02	3.0000000000e-02	4.1553552050e+00	2.1278301021e+00
-9.0000000000e-02	4.0000000000e-02	4.1926274753e+00	2.0905578319e+00
-9.0000000000e-02	5.0000000000e-02	4.2379567878e+00	2.0452285194e+00
-9.0000000000e-02	6.0000000000e-02	4.2898936706e+00	1.9932916366e+00
-9.0000000000e-02	7.0000000000e-02	4.3470357582e+00	1.9361495490e+00
-9.0000000000e-02	8.0000000000e-02	4.4080976988e+00	1.8750876084e+00
-9.0000000000e-02	9.0000000000e-02	4.4719444986e+00	1.8112408085e+00
-9.0000000000e-02	1.0000000000e-01	4.5375996675e+00	1.7455856396e+00
-8.0000000000e-02	-1.0000000000e-01	4.4782275000e+00	1.8049578072e+00
-8.0000000000e-02	-9.0000000000e-02	4.4080999236e+00	1.8750853836e+00
-8.0000000000e-02	-8.0000000000e-02	4.3394899836e+00	1.9436953235e+00
-8.0000000000e-02	-7.0000000000e-02	4.2734206595e+00	2.0097646477e+00
-8.0000000000e-02	-6.0000000000e-02	4.2111178179e+00	2.0720674893e+00
-8.0000000000e-02	-5.0000000000e-02	4.1540185095e+00	2.1291667977e+00
-8.0000000000e-02	-4.0000000000e-02	4.1037512675e+00	2.1794340397e+00
-8.0000000000e-02	-3.0000000000e-02	4.0620677848e+00	2.2211175224e+00
-8.0000000000e-02	-2.0000000000e-02	4.0307062906e+00	2.2524790166e+00
-8.0000000000e-02	-1.0000000000e-02	4.0111836451e+00	2.2720016621e+00
-8.0000000000e-02	0.0000000000e+00	4.0045501593e+00	2.2786351479e+00
-8.0000000000e-02	1.0000000000e-02	4.0111831755e+00	2.2720021316e+00
-8.0000000000e-02	2.0000000000e-02	4.0307053774e+00	2.2524799297e+00
-8.0000000000e-02	3.0000000000e-02	4.0620664746e+00	2.2211188326e+00
-8.0000000000e-02	4.0000000000e-02	4.1037496188e+00	2.1794356884e+00
-8.0000000000e-02	5.0000000000e-02	4.1540165847e+00	2.1291687224e+00
-8.0000000000e-02	6.0000000000e-02	4.2111156771e+00	2.0720696301e+00
-8.0000000000e-02	7.0000000000e-02	4.2734183570e+00	2.0097669502e+00
-8.0000000000e-02	8.0000000000e-02	4.3394875666e+00	1.9436977406e+00
-8.0000000000e-02	9.0000000000e-02	4.4080974318e+00	1.8750878753e+00
-8.0000000000e-02	1.0000000000e-01	4.4782249668e+00	1.8049603404e+00
-7.0000000000e-02	-1.0000000000e-01	4.4217785064e+00	1.8614068008e+00
-7.0000000000e-02	-9.0000000000e-02	4.3470378624e+00	1.9361474448e+00
-7.0000000000e-02	-8.0000000000e-02	4.2734206595e+00	2.0097646477e+00
-7.0000000000e-02	-7.0000000000e-02	4.2019708897e+00	2.0812144174e+00
-7.0000000000e-02	-6.0000000000e-02	4.1339836856e+00	2.1492016215e+00
-7.0000000000e-02	-5.0000000000e-02	4.0710403803e+00	2.2121449269e+00
-7.0000000000e-02	-4.0000000000e-02	4.0150183943e+00	2.2681669128e+00
-7.0000000000e-02	-3.0000000000e-02	3.9680424938e+00	2.3151428134e+00
-7.0000000000e-02	-2.0000000000e-02	3.9323334571e+00	2.3508518501e+00
-7.0000000000e-02	-1.0000000000e-02	3.9099241408e+00	2.3732611663e+00
-7.0000000000e-02	0.0000000000e+00	3.9022755864e+00	2.3809097208e+00
-7.0000000000e-02	1.0000000000e-02	3.9099235966e+00	2.3732617106e+00
-7.0000000000e-02	2.0000000000e-02	3.9323324057e+00	2.3508529015e+00
-7.0000000000e-02	3.0000000000e-02	3.9680409994e+00	2.3151443078e+00
-7.0000000000e-02	4.0000000000e-02	4.0150165343e+00	2.2681687729e+00
-7.0000000000e-02	5.0000000000e-02	4.0710382329e+00	2.2121470743e+00
-7.0000000000e-02	6.0000000000e-02	4.1339813224e+00	2.1492039848e+00
-7.0000000000e-02	7.0000000000e-02	4.2019683721e+00	2.0812169351e+00
-7.0000000000e-02	8.0000000000e-02	4.2734180385e+00	2.0097672687e+00
-7.0000000000e-02	9.0000000000e-02	4.3470351797e+00	1.9361501275e+00
-7.0000000000e-02	1.0000000000e-01	4.4217757956e+00	1.8614095115e+00
-6.0000000000e-02	-1.0000000000e-01	4.3692921208e+00	1.9138931864e+00
-6.0000000000e-02	-9.0000000000e-02	4.2898956115e+00	1.9932896957e+00
-6.0000000000e-02	-8.0000000000e-02	4.2111178179e+00	2.0720674893e+00
-6.0000000000e-02	-7.0000000000e-02	4.1339836856e+00	2.1492016215e+00
-6.0000000000e-02	-6.0000000000e-02	4.0598140595e+00	2.2233712477e+00
-6.0000000000e-02	-5.0000000000e-02	3.9902991870e+00	2.2928861202e+00
-6.0000000000e-02	-4.0000000000e-02	3.9275623500e+00	2.3556229572e+00
-6.0000000000e-02	-3.0000000000e-02	3.8741678145e+00	2.4090174927e+00
-6.0000000000e-02	-2.0000000000e-02	3.8329891680e+00	2.4501961392e+00
-6.0000000000e-02	-1.0000000000e-02	3.8068395827e+00	2.4763457245e+00
-6.0000000000e-02	0.0000000000e+00	3.7978537618e+00	2.4853315454e+00
-6.0000000000e-02	1.0000000000e-02	3.8068389409e+00	2.4763463662e+00
-6.0000000000e-02	2.0000000000e-02	3.8329879402e+00	2.4501973670e+00
-6.0000000000e-02	3.0000000000e-02	3.8741660931e+00	2.4090192141e+00
-6.0000000000e-02	4.0000000000e-02	3.9275602394e+00	2.3556250678e+00
-6.0000000000e-02	5.0000000000e-02	3.9902967855e+00	2.2928885217e+00
-6.0000000000e-02	6.0000000000e-02	4.0598114510e+00	2.2233738562e+00
-6.0000000000e-02	7.0000000000e-02	4.1339809380e+00	2.1492043692e+00
-6.0000000000e-02	8.0000000000e-02	4.2111149846e+00	2.0720703226e+00
-6.0000000000e-02	9.0000000000e-02	4.2898927345e+00	1.9932925727e+00
-6.0000000000e-02	1.0000000000e-01	4.3692892326e+00	1.9138960745e+00
-5.0000000000e-02	-1.0000000000e-01	4.3219092578e+00	1.9612760494e+00
-5.0000000000e-02	-9.0000000000e-02	4.2379585182e+00	2.0452267890e+00
-5.0000000000e-02	-8.0000000000e-02	4.1540185095e+00	2.1291667977e+00
-5.0000000000e-02	-7.0000000000e-02	4.0710403803e+00	2.2121449269e+00
-5.0000000000e-02	-6.0000000000e-02	3.9902991870e+00	2.2928861202e+00
-5.0000000000e-02	-5.0000000000e-02	3.9135134836e+00	2.3696718235e+00
-5.0000000000e-02	-4.0000000000e-02	3.8429911226e+00	2.4401941846e+00
-5.0000000000e-02	-3.0000000000e-02	3.7817581458e+00	2.5014271614e+00
-5.0000000000e-02	-2.0000000000e-02	3.7335414308e+00	2.5496438764e+00
-5.0000000000e-02	-1.0000000000e-02	3.7023607717e+00	2.5808245355e+00
-5.0000000000e-02	0.0000000000e+00	3.6915287925e+00	2.5916565147e+00
-5.0000000000e-02	1.0000000000e-02	3.7023599967e+00	2.5808253105e+00
-5.0000000000e-02	2.0000000000e-02	3.7335399710e+00	2.5496453362e+00
-5.0000000000e-02	3.0000000000e-02	3.7817561405e+00	2.5014291667e+00
-5.0000000000e-02	4.0000000000e-02	3.8429887149e+00	2.4401965923e+00
-5.0000000000e-02	5.0000000000e-02	3.9135107956e+00	2.3696745116e+00
-5.0000000000e-02	6.0000000000e-02	3.9902963137e+00	2.2928889935e+00
-5.0000000000e-02	7.0000000000e-02	4.0710373932e+00	2.2121479140e+00
-5.0000000000e-02	8.0000000000e-02	4.1540154617e+00	2.1291698455e+00
-5.0000000000e-02	9.0000000000e-02	4.2379554493e+00	2.0452298579e+00
-5.0000000000e-02	1.0000000000e-01	4.3219061979e+00	1.9612791093e+00
-4.0000000000e-02	-1.0000000000e-01	4.2808368728e+00	2.0023484344e+00
-4.0000000000e-02	-9.0000000000e-02	4.1926289448e+00	2.0905563624e+00
-4.0000000000e-02	-8.0000000000e-02	4.1037512675e+00	2.1794340397e+00
-4.0000000000e-02	-7.0000000000e-02	4.0150183943e+00	2.2681669128e+00
-4.0000000000e-02	-6.0000000000e-02	3.9275623500e+00	2.3556229572e+00
-4.0000000000e-02	-5.0000000000e-02	3.8429911226e+00	2.4401941846e+00
-4.0000000000e-02	-4.0000000000e-02	3.7636311673e+00	2.5195541399e+00
-4.0000000000e-02	-3.0000000000e-02	3.6928576162e+00	2.5903276910e+00
-4.0000000000e-02	-2.0000000000e-02	3.6353940442e+00	2.6477912629e+00
-4.0000000000e-02	-1.0000000000e-02	3.5971220821e+00	2.6860632250e+00
-4.0000000000e-02	0.0000000000e+00	3.5835714506e+00	2.6996138566e+00
-4.0000000000e-02	1.0000000000e-02	3.5971211140e+00	2.6860641931e+00
-4.0000000000e-02	2.0000000000e-02	3.6353922684e+00	2.6477930388e+00
-4.0000000000e-02	3.0000000000e-02	3.6928552531e+00	2.5903300541e+00
-4.0000000000e-02	4.0000000000e-02	3.7636284122e+00	2.5195568950e+00
-4.0000000000e-02	5.0000000000e-02	3.8429881203e+00	2.4401971869e+00
-4.0000000000e-02	6.0000000000e-02	3.9275592010e+00	2.3556261062e+00
-4.0000000000e-02	7.0000000000e-02	4.0150151679e+00	2.2681701392e+00
-4.0000000000e-02	8.0000000000e-02	4.1037480121e+00	2.1794372951e+00
-4.0000000000e-02	9.0000000000e-02	4.1926256950e+00	2.0905596122e+00
-4.0000000000e-02	1.0000000000e-01	4.2808336542e+00	2.0023516530e+00
-3.0000000000e-02	-1.0000000000e-01	4.2472838930e+00	2.0359014142e+00
-3.0000000000e-02	-9.0000000000e-02	4.1553563634e+00	2.1278289438e+00
-3.0000000000e-02	-8.0000000000e-02	4.0620677848e+00	2.2211175224e+00
-3.0000000000e-02	-7.0000000000e-02	3.9680424938e+00	2.3151428134e+00
-3.0000000000e-02	-6.0000000000e-02	3.8741678145e+00	2.4090174927e+00
-3.0000000000e-02	-5.0000000000e-02	3.7817581458e+00	2.5014271614e+00
-3.0000000000e-02	-4.0000000000e-02	3.6928576162e+00	2.5903276910e+00
-3.0000000000e-02	-3.0000000000e-02	3.6107931767e+00	2.6723921305e+00
-3.0000000000e-02	-2.0000000000e-02	3.5410742368e+00	2.7421110704e+00
-3.0000000000e-02	-1.0000000000e-02	3.4922261048e+00	2.7909592024e+00
-3.0000000000e-02	0.0000000000e+00	3.4742765227e+00	2.8089087845e+00
-3.0000000000e-02	1.0000000000e-02	3.4922248326e+00	2.7909604746e+00
-3.0000000000e-02	2.0000000000e-02	3.5410720164e+00	2.7421132908e+00
-3.0000000000e-02	3.0000000000e-02	3.6107903681e+00	2.6723949391e+00
-3.0000000000e-02	4.0000000000e-02	3.6928544713e+00	2.5903308359e+00
-3.0000000000e-02	5.0000000000e-02	3.7817548180e+00	2.5014304892e+00
-3.0000000000e-02	6.0000000000e-02	3.8741643966e+00	2.4090209106e+00
-3.0000000000e-02	7.0000000000e-02	3.9680390440e+00	2.3151462631e+00
-3.0000000000e-02	8.0000000000e-02	4.0620643419e+00	2.2211209653e+00
-3.0000000000e-02	9.0000000000e-02	4.1553529542e+00	2.1278323529e+00
-3.0000000000e-02	1.0000000000e-01	4.2472805371e+00	2.0359047700e+00
-2.0000000000e-02	-1.0000000000e-01	4.2223698161e+00	2.0608154911e+00
-2.0000000000e-02	-9.0000000000e-02	4.1275238554e+00	2.1556614518e+00
-2.0000000000e-02	-8.0000000000e-02	4.0307062906e+00	2.2524790166e+00
-2.0000000000e-02	-7.0000000000e-02	3.9323334571e+00	2.3508518501e+00
-2.0000000000e-02	-6.0000000000e-02	3.8329891680e+00	2.4501961392e+00
-2.0000000000e-02	-5.0000000000e-02	3.7335414308e+00	2.5496438764e+00
-2.0000000000e-02	-4.0000000000e-02	3.6353940442e+00	2.6477912629e+00
-2.0000000000e-02	-3.0000000000e-02	3.5410742368e+00	2.7421110704e+00
-2.0000000000e-02	-2.0000000000e-02	3.4556825878e+00	2.8275027194e+00
-2.0000000000e-02	-1.0000000000e-02	3.3901627276e+00	2.8930225796e+00
-2.0000000000e-02	0.0000000000e+00	3.3639592790e+00	2.9192260282e+00
-2.0000000000e-02	1.0000000000e-02	3.3901609181e+00	2.8930243891e+00
-2.0000000000e-02	2.0000000000e-02	3.4556797403e+00	2.8275055669e+00
-2.0000000000e-02	3.0000000000e-02	3.5410709107e+00	2.7421143965e+00
-2.0000000000e-02	4.0000000000e-02	3.6353905042e+00	2.6477948030e+00
-2.0000000000e-02	5.0000000000e-02	3.7335378020e+00	2.5496475052e+00
-2.0000000000e-02	6.0000000000e-02	3.8329855162e+00	2.4501997910e+00
-2.0000000000e-02	7.0000000000e-02	3.9323298213e+00	2.3508554859e+00
-2.0000000000e-02	8.0000000000e-02	4.0307026961e+00	2.2524826110e+00
-2.0000000000e-02	9.0000000000e-02	4.1275203202e+00	2.1556649870e+00
-2.0000000000e-02	1.0000000000e-01	4.2223663536e+00	2.0608189536e+00
-1.0000000000e-02	-1.0000000000e-01	4.2070138718e+00	2.0761714353e+00
-1.0000000000e-02	-9.0000000000e-02	4.1102969973e+00	2.1728883098e+00
-1.0000000000e-02	-8.0000000000e-02	4.0111836451e+00	2.2720016621e+00
-1.0000000000e-02	-7.0000000000e-02	3.9099241408e+00	2.3732611663e+00
-1.0000000000e-02	-6.0000000000e-02	3.8068395827e+00	2.4763457245e+00
-1.0000000000e-02	-5.0000000000e-02	3.7023607717e+00	2.5808245355e+00
-1.0000000000e-02	-4.0000000000e-02	3.5971220821e+00	2.6860632250e+00
-1.0000000000e-02	-3.0000000000e-02	3.4922261048e+00	2.7909592024e+00
-1.0000000000e-02	-2.0000000000e-02	3.3901627276e+00	2.8930225796e+00
-1.0000000000e-02	-1.0000000000e-02	3.2990291040e+00	2.9841562031e+00
-1.0000000000e-02	0.0000000000e+00	3.2529511485e+00	3.0302341587e+00
-1.0000000000e-02	1.0000000000e-02	3.2990262329e+00	2.9841590743e+00
-1.0000000000e-02	2.0000000000e-02	3.3901591116e+00	2.8930261956e+00
-1.0000000000e-02	3.0000000000e-02	3.4922222964e+00	2.7909630108e+00
-1.0000000000e-02	4.0000000000e-02	3.5971182255e+00	2.6860670817e+00
-1.0000000000e-02	5.0000000000e-02	3.7023569219e+00	2.5808283853e+00
-1.0000000000e-02	6.0000000000e-02	3.8068357683e+00	2.4763495388e+00
-1.0000000000e-02	7.0000000000e-02	3.9099203801e+00	2.3732649271e+00
-1.0000000000e-02	8.0000000000e-02	4.0111799513e+00	2.2720053559e+00
-1.0000000000e-02	9.0000000000e-02	4.1102933809e+00	2.1728919262e+00
-1.0000000000e-02	1.0000000000e-01	4.2070103414e+00	2.0761749658e+00
0.0000000000e+00	-1.0000000000e-01	4.2018240661e+00	2.0813612411e+00
0.0000000000e+00	-9.0000000000e-02	4.1044617870e+00	2.1787235202e+00
0.0000000000e+00	-8.0000000000e-02	4.0045501593e+00	2.2786351479e+00
0.0000000000e+00	-7.0000000000e-02	3.9022755864e+00	2.3809097208e+00
0.0000000000e+00	-6.0000000000e-02	3.7978537618e+00	2.4853315454e+00
0.0000000000e+00	-5.0000000000e-02	3.6915287925e+00	2.5916565147e+00
0.0000000000e+00	-4.0000000000e-02	3.5835714506e+00	2.6996138566e+00
0.0000000000e+00	-3.0000000000e-02	3.4742765227e+00	2.8089087845e+00
0.0000000000e+00	-2.0000000000e-02	3.3639592790e+00	2.9192260282e+00
0.0000000000e+00	-1.0000000000e-02	3.2529511485e+00	3.0302341587e+00
0.0000000000e+00	0.0000000000e+00	3.1416552092e+00	3.1415300980e+00
0.0000000000e+00	1.0000000000e-02	3.2529470826e+00	3.0302382246e+00
0.0000000000e+00	2.0000000000e-02	3.3639552302e+00	2.9192300770e+00
0.0000000000e+00	3.0000000000e-02	3.4742725021e+00	2.8089128051e+00
0.0000000000e+00	4.0000000000e-02	3.5835674691e+00	2.6996178381e+00
0.0000000000e+00	5.0000000000e-02	3.6915248603e+00	2.5916604469e+00
0.0000000000e+00	6.0000000000e-02	3.7978498887e+00	2.4853354185e+00
0.0000000000e+00	7.0000000000e-02	3.9022717815e+00	2.3809135257e+00
0.0000000000e+00	8.0000000000e-02	4.0045464308e+00	2.2786388764e+00
0.0000000000e+00	9.0000000000e-02	4.1044581425e+00	2.1787271647e+00
0.0000000000e+00	1.0000000000e-01	4.2018205123e+00	2.0813647949e+00
1.0000000000e-02	-1.0000000000e-01	4.2070135094e+00	2.0761717978e+00
1.0000000000e-02	-9.0000000000e-02	4.1102965869e+00	2.1728887203e+00
1.0000000000e-02	-8.0000000000e-02	4.0111831755e+00	2.2720021316e+00
1.0000000000e-02	-7.0000000000e-02	3.9099235966e+00	2.3732617106e+00
1.0000000000e-02	-6.0000000000e-02	3.8068389409e+00	2.4763463662e+00
1.0000000000e-02	-5.0000000000e-02	3.7023599967e+00	2.5808253105e+00
1.0000000000e-02	-4.0000000000e-02	3.5971211140e+00	2.6860641931e+00
1.0000000000e-02	-3.0000000000e-02	3.4922248326e+00	2.7909604746e+00
1.0000000000e-02	-2.0000000000e-02	3.3901609181e+00	2.8930243891e+00
1.0000000000e-02	-1.0000000000e-02	3.2990262329e+00	2.9841590743e+00
1.0000000000e-02	0.0000000000e+00	3.2529470826e+00	3.0302382246e+00
1.0000000000e-02	1.0000000000e-02	3.2990233618e+00	2.9841619454e+00
1.0000000000e-02	2.0000000000e-02	3.3901573021e+00	2.8930280051e+00
1.0000000000e-02	3.0000000000e-02	3.4922210242e+00	2.7909642830e+00
1.0000000000e-02	4.0000000000e-02	3.5971172574e+00	2.6860680498e+00
1.0000000000e-02	5.0000000000e-02	3.7023561469e+00	2.5808291603e+00
1.0000000000e-02	6.0000000000e-02	3.8068351266e+00	2.4763501806e+00
1.0000000000e-02	7.0000000000e-02	3.9099198359e+00	2.3732654713e+00
1.0000000000e-02	8.0000000000e-02	4.0111794817e+00	2.2720058255e+00
1.0000000000e-02	9.0000000000e-02	4.1102929704e+00	2.1728923367e+00
1.0000000000e-02	1.0000000000e-01	4.2070099789e+00	2.0761753282e+00
2.0000000000e-02	-1.0000000000e-01	4.2223691058e+00	2.0608162014e+00
2.0000000000e-02	-9.0000000000e-02	4.1275230535e+00	2.1556622536e+00
2.0000000000e-02	-8.0000000000e-02	4.0307053774e+00	2.2524799297e+00
2.0000000000e-02	-7.0000000000e-02	3.9323324057e+00	2.3508529015e+00
2.0000000000e-02	-6.0000000000e-02	3.8329879402e+00	2.4501973670e+00
2.0000000000e-02	-5.0000000000e-02	3.7335399710e+00	2.5496453362e+00
2.0000000000e-02	-4.0000000000e-02	3.6353922684e+00	2.6477930388e+00
2.0000000000e-02	-3.0000000000e-02	3.5410720164e+00	2.7421132908e+00
2.0000000000e-02	-2.0000000000e-02	3.4556797403e+00	2.8275055669e+00
2.0000000000e-02	-1.0000000000e-02	3.3901591116e+00	2.8930261956e+00
2.0000000000e-02	0.0000000000e+00	3.3639552302e+00	2.9192300770e+00
2.0000000000e-02	1.0000000000e-02	3.3901573021e+00	2.8930280051e+00
2.0000000000e-02	2.0000000000e-02	3.4556768927e+00	2.8275084144e+00
2.0000000000e-02	3.0000000000e-02	3.5410686902e+00	2.7421166170e+00
2.0000000000e-02	4.0000000000e-02	3.6353887283e+00	2.6477965788e+00
2.0000000000e-02	5.0000000000e-02	3.7335363422e+00	2.5496489650e+00
2.0000000000e-02	6.0000000000e-02	3.8329842884e+00	2.4502010188e+00
2.0000000000e-02	7.0000000000e-02	3.9323287698e+00	2.3508565373e+00
2.0000000000e-02	8.0000000000e-02	4.0307017830e+00	2.2524835242e+00
2.0000000000e-02	9.0000000000e-02	4.1275195183e+00	2.1556657888e+00
2.0000000000e-02	1.0000000000e-01	4.2223656433e+00	2.0608196639e+00
3.0000000000e-02	-1.0000000000e-01	4.2472828617e+00	2.0359024455e+00
3.0000000000e-02	-9.0000000000e-02	4.1553552050e+00	2.1278301021e+00
3.0000000000e-02	-8.0000000000e-02	4.0620664746e+00	2.2211188326e+00
3.0000000000e-02	-7.0000000000e-02	3.9680409994e+00	2.3151443078e+00
3.0000000000e-02	-6.0000000000e-02	3.8741660931e+00	2.4090192141e+00
3.0000000000e-02	-5.0000000000e-02	3.7817561405e+00	2.5014291667e+00
3.0000000000e-02	-4.0000000000e-02	3.6928552531e+00	2.5903300541e+00
3.0000000000e-02	-3.0000000000e-02	3.6107903681e+00	2.6723949391e+00
3.0000000000e-02	-2.0000000000e-02	3.5410709107e+00	2.7421143965e+00
3.0000000000e-02	-1.0000000000e-02	3.4922222964e+00	2.7909630108e+00
3.0000000000e-02	0.0000000000e+00	3.4742725021e+00	2.8089128051e+00
3.0000000000e-02	1.0000000000e-02	3.4922210242e+00	2.7909642830e+00
3.0000000000e-02	2.0000000000e-02	3.5410686902e+00	2.7421166170e+00
3.0000000000e-02	3.0000000000e-02	3.6107875594e+00	2.6723977477e+00
3.0000000000e-02	4.0000000000e-02	3.6928521081e+00	2.5903331991e+00
3.0000000000e-02	5.0000000000e-02	3.7817528127e+00	2.5014324945e+00
3.0000000000e-02	6.0000000000e-02	3.8741626751e+00	2.4090226320e+00
3.0000000000e-02	7.0000000000e-02	3.9680375496e+00	2.3151477576e+00
3.0000000000e-02	8.0000000000e-02	4.0620630316e+00	2.2211222755e+00
3.0000000000e-02	9.0000000000e-02	4.1553517959e+00	2.1278335113e+00
3.0000000000e-02	1.0000000000e-01	4.2472795059e+00	2.0359058013e+00
4.0000000000e-02	-1.0000000000e-01	4.2808355564e+00	2.0023497507e+00
4.0000000000e-02	-9.0000000000e-02	4.1926274753e+00	2.0905578319e+00
4.0000000000e-02	-8.0000000000e-02	4.1037496188e+00	2.1794356884e+00
4.0000000000e-02	-7.0000000000e-02	4.0150165343e+00	2.2681687729e+00
4.0000000000e-02	-6.0000000000e-02	3.9275602394e+00	2.3556250678e+00
4.0000000000e-02	-5.0000000000e-02	3.8429887149e+00	2.4401965923e+00
4.0000000000e-02	-4.0000000000e-02	3.7636284122e+00	2.5195568950e+00
4.0000000000e-02	-3.0000000000e-02	3.6928544713e+00	2.5903308359e+00
4.0000000000e-02	-2.0000000000e-02	3.6353905042e+00	2.6477948030e+00
4.0000000000e-02	-1.0000000000e-02	3.5971182255e+00	2.6860670817e+00
4.0000000000e-02	0.0000000000e+00	3.5835674691e+00	2.6996178381e+00
4.0000000000e-02	1.0000000000e-02	3.5971172574e+00	2.6860680498e+00
4.0000000000e-02	2.0000000000e-02	3.6353887283e+00	2.6477965788e+00
4.0000000000e-02	3.0000000000e-02	3.6928521081e+00	2.5903331991e+00
4.0000000000e-02	4.0000000000e-02	3.7636256570e+00	2.5195596502e+00
4.0000000000e-02	5.0000000000e-02	3.8429857125e+00	2.4401995946e+00
4.0000000000e-02	6.0000000000e-02	3.9275570904e+00	2.3556282168e+00
4.0000000000e-02	7.0000000000e-02	4.0150133079e+00	2.2681719993e+00
4.0000000000e-02	8.0000000000e-02	4.1037463634e+00	2.1794389438e+00
4.0000000000e-02	9.0000000000e-02	4.1926242255e+00	2.0905610817e+00
4.0000000000e-02	1.0000000000e-01	4.2808323379e+00	2.0023529693e+00
5.0000000000e-02	-1.0000000000e-01	4.3219076973e+00	1.9612776099e+00
5.0000000000e-02	-9.0000000000e-02	4.2379567878e+00	2.0452285194e+00
5.0000000000e-02	-8.0000000000e-02	4.1540165847e+00	2.1291687224e+00
5.0000000000e-02	-7.0000000000e-02	4.0710382329e+00	2.2121470743e+00
5.0000000000e-02	-6.0000000000e-02	3.9902967855e+00	2.2928885217e+00
5.0000000000e-02	-5.0000000000e-02	3.9135107956e+00	2.3696745116e+00
5.0000000000e-02	-4.0000000000e-02	3.8429881203e+00	2.4401971869e+00
5.0000000000e-02	-3.0000000000e-02	3.7817548180e+00	2.5014304892e+00
5.0000000000e-02	-2.0000000000e-02	3.7335378020e+00	2.5496475052e+00
5.0000000000e-02	-1.0000000000e-02	3.7023569219e+00	2.5808283853e+00
5.0000000000e-02	0.0000000000e+00	3.6915248603e+00	2.5916604469e+00
5.0000000000e-02	1.0000000000e-02	3.7023561469e+00	2.5808291603e+00
5.0000000000e-02	2.0000000000e-02	3.7335363422e+00	2.5496489650e+00
5.0000000000e-02	3.0000000000e-02	3.7817528127e+00	2.5014324945e+00
5.0000000000e-02	4.0000000000e-02	3.8429857125e+00	2.4401995946e+00
5.0000000000e-02	5.0000000000e-02	3.9135081075e+00	2.3696771997e+00
5.0000000000e-02	6.0000000000e-02	3.9902939122e+00	2.2928913950e+00
5.0000000000e-02	7.0000000000e-02	4.0710352458e+00	2.2121500614e+00
5.0000000000e-02	8.0000000000e-02	4.1540135369e+00	2.1291717703e+00
5.0000000000e-02	9.0000000000e-02	4.2379537189e+00	2.0452315883e+00
5.0000000000e-02	1.0000000000e-01	4.3219046374e+00	1.9612806697e+00
6.0000000000e-02	-1.0000000000e-01	4.3692903585e+00	1.9138949487e+00
6.0000000000e-02	-9.0000000000e-02	4.2898936706e+00	1.9932916366e+00
6.0000000000e-02	-8.0000000000e-02	4.2111156771e+00	2.0720696301e+00
6.0000000000e-02	-7.0000000000e-02	4.1339813224e+00	2.1492039848e+00
6.0000000000e-02	-6.0000000000e-02	4.0598114510e+00	2.2233738562e+00
6.0000000000e-02	-5.0000000000e-02	3.9902963137e+00	2.2928889935e+00
6.0000000000e-02	-4.0000000000e-02	3.9275592010e+00	2.3556261062e+00
6.0000000000e-02	-3.0000000000e-02	3.8741643966e+00	2.4090209106e+00
6.0000000000e-02	-2.0000000000e-02	3.8329855162e+00	2.4501997910e+00
6.0000000000e-02	-1.0000000000e-02	3.8068357683e+00	2.4763495388e+00
6.0000000000e-02	0.0000000000e+00	3.7978498887e+00	2.4853354185e+00
6.0000000000e-02	1.0000000000e-02	3.8068351266e+00	2.4763501806e+00
6.0000000000e-02	2.0000000000e-02	3.8329842884e+00	2.4502010188e+00
6.0000000000e-02	3.0000000000e-02	3.8741626751e+00	2.4090226320e+00
6.0000000000e-02	4.0000000000e-02	3.9275570904e+00	2.3556282168e+00
6.0000000000e-02	5.0000000000e-02	3.9902939122e+00	2.2928913950e+00
6.0000000000e-02	6.0000000000e-02	4.0598088425e+00	2.2233764646e+00
6.0000000000e-02	7.0000000000e-02	4.1339785747e+00	2.1492067325e+00
6.0000000000e-02	8.0000000000e-02	4.2111128438e+00	2.0720724634e+00
6.0000000000e-02	9.0000000000e-02	4.2898907935e+00	1.9932945137e+00
6.0000000000e-02	1.0000000000e-01	4.3692874703e+00	1.9138978369e+00
7.0000000000e-02	-1.0000000000e-01	4.4217765834e+00	1.8614087238e+00
7.0000000000e-02	-9.0000000000e-02	4.3470357582e+00	1.9361495490e+00
7.0000000000e-02	-8.0000000000e-02	4.2734183570e+00	2.0097669502e+00
7.0000000000e-02	-7.0000000000e-02	4.2019683721e+00	2.0812169351e+00
7.0000000000e-02	-6.0000000000e-02	4.1339809380e+00	2.1492043692e+00
7.0000000000e-02	-5.0000000000e-02	4.0710373932e+00	2.2121479140e+00
7.0000000000e-02	-4.0000000000e-02	4.0150151679e+00	2.2681701392e+00
7.0000000000e-02	-3.0000000000e-02	3.9680390440e+00	2.3151462631e+00
7.0000000000e-02	-2.0000000000e-02	3.9323298213e+00	2.3508554859e+00
7.0000000000e-02	-1.0000000000e-02	3.9099203801e+00	2.3732649271e+00
7.0000000000e-02	0.0000000000e+00	3.9022717815e+00	2.3809135257e+00
7.0000000000e-02	1.0000000000e-02	3.9099198359e+00	2.3732654713e+00
7.0000000000e-02	2.0000000000e-02	3.9323287698e+00	2.3508565373e+00
7.0000000000e-02	3.0000000000e-02	3.9680375496e+00	2.3151477576e+00
7.0000000000e-02	4.0000000000e-02	4.0150133079e+00	2.2681719993e+00
7.0000000000e-02	5.0000000000e-02	4.0710352458e+00	2.2121500614e+00
7.0000000000e-02	6.0000000000e-02	4.1339785747e+00	2.1492067325e+00
7.0000000000e-02	7.0000000000e-02	4.2019658544e+00	2.0812194528e+00
7.0000000000e-02	8.0000000000e-02	4.2734157360e+00	2.0097695712e+00
7.0000000000e-02	9.0000000000e-02	4.3470330755e+00	1.9361522317e+00
7.0000000000e-02	1.0000000000e-01	4.4217738726e+00	1.8614114346e+00
8.0000000000e-02	-1.0000000000e-01	4.4782254543e+00	1.8049598529e+00
8.0000000000e-02	-9.0000000000e-02	4.4080976988e+00	1.8750876084e+00
8.0000000000e-02	-8.0000000000e-02	4.3394875666e+00	1.9436977406e+00
8.0000000000e-02	-7.0000000000e-02	4.2734180385e+00	2.0097672687e+00
8.0000000000e-02	-6.0000000000e-02	4.2111149846e+00	2.0720703226e+00
8.0000000000e-02	-5.0000000000e-02	4.1540154617e+00	2.1291698455e+00
8.0000000000e-02	-4.0000000000e-02	4.1037480121e+00	2.1794372951e+00
8.0000000000e-02	-3.0000000000e-02	4.0620643419e+00	2.2211209653e+00
8.0000000000e-02	-2.0000000000e-02	4.0307026961e+00	2.2524826110e+00
8.0000000000e-02	-1.0000000000e-02	4.0111799513e+00	2.2720053559e+00
8.0000000000e-02	0.0000000000e+00	4.0045464308e+00	2.2786388764e+00
8.0000000000e-02	1.0000000000e-02	4.0111794817e+00	2.2720058255e+00
8.0000000000e-02	2.0000000000e-02	4.0307017830e+00	2.2524835242e+00
8.0000000000e-02	3.0000000000e-02	4.0620630316e+00	2.2211222755e+00
8.0000000000e-02	4.0000000000e-02	4.1037463634e+00	2.1794389438e+00
8.0000000000e-02	5.0000000000e-02	4.1540135369e+00	2.1291717703e+00
8.0000000000e-02	6.0000000000e-02	4.2111128438e+00	2.0720724634e+00
8.0000000000e-02	7.0000000000e-02	4.2734157360e+00	2.0097695712e+00
8.0000000000e-02	8.0000000000e-02	4.3394851495e+00	1.9437001577e+00
8.0000000000e-02	9.0000000000e-02	4.4080952070e+00	1.8750901001e+00
8.0000000000e-02	1.0000000000e-01	4.4782229210e+00	1.8049623861e+00
9.0000000000e-02	-1.0000000000e-01	4.5375998930e+00	1.7455854142e+00
9.0000000000e-02	-9.0000000000e-02	4.4719444986e+00	1.8112408085e+00
9.0000000000e-02	-8.0000000000e-02	4.4080974318e+00	1.8750878753e+00
9.0000000000e-02	-7.0000000000e-02	4.3470351797e+00	1.9361501275e+00
9.0000000000e-02	-6.0000000000e-02	4.2898927345e+00	1.9932925727e+00
9.0000000000e-02	-5.0000000000e-02	4.2379554493e+00	2.0452298579e+00
9.0000000000e-02	-4.0000000000e-02	4.1926256950e+00	2.0905596122e+00
9.0000000000e-02	-3.0000000000e-02	4.1553529542e+00	2.1278323529e+00
9.0000000000e-02	-2.0000000000e-02	4.1275203202e+00	2.1556649870e+00
9.0000000000e-02	-1.0000000000e-02	4.1102933809e+00	2.1728919262e+00
9.0000000000e-02	0.0000000000e+00	4.1044581425e+00	2.1787271647e+00
9.0000000000e-02	1.0000000000e-02	4.1102929704e+00	2.1728923367e+00
9.0000000000e-02	2.0000000000e-02	4.1275195183e+00	2.1556657888e+00
9.0000000000e-02	3.0000000000e-02	4.1553517959e+00	2.1278335113e+00
9.0000000000e-02	4.0000000000e-02	4.1926242255e+00	2.0905610817e+00
9.0000000000e-02	5.0000000000e-02	4.2379537189e+00	2.0452315883e+00
9.0000000000e-02	6.0000000000e-02	4.2898907935e+00	1.9932945137e+00
9.0000000000e-02	7.0000000000e-02	4.3470330755e+00	1.9361522317e+00
9.0000000000e-02	8.0000000000e-02	4.4080952070e+00	1.8750901001e+00
9.0000000000e-02	9.0000000000e-02	4.4719421905e+00	1.8112431167e+00
9.0000000000e-02	1.0000000000e-01	4.5375975334e+00	1.7455877738e+00
1.0000000000e-01	-1.0000000000e-01	4.5989837884e+00	1.6842015188e+00
1.0000000000e-01	-9.0000000000e-02	4.5375996675e+00	1.7455856396e+00
1.0000000000e-01	-8.0000000000e-02	4.4782249668e+00	1.8049603404e+00
1.0000000000e-01	-7.0000000000e-02	4.4217757956e+00	1.8614095115e+00
1.0000000000e-01	-6.0000000000e-02	4.3692892326e+00	1.9138960745e+00
1.0000000000e-01	-5.0000000000e-02	4.3219061979e+00	1.9612791093e+00
1.0000000000e-01	-4.0000000000e-02	4.2808336542e+00	2.0023516530e+00
1.0000000000e-01	-3.0000000000e-02	4.2472805371e+00	2.0359047700e+00
1.0000000000e-01	-2.0000000000e-02	4.2223663536e+00	2.0608189536e+00
1.0000000000e-01	-1.0000000000e-02	4.2070103414e+00	2.0761749658e+00
1.0000000000e-01	0.0000000000e+00	4.2018205123e+00	2.0813647949e+00
1.0000000000e-01	1.0000000000e-02	4.2070099789e+00	2.0761753282e+00
1.0000000000e-01	2.0000000000e-02	4.2223656433e+00	2.0608196639e+00
1.0000000000e-01	3.0000000000e-02	4.2472795059e+00	2.0359058013e+00
1.0000000000e-01	4.0000000000e-02	4.2808323379e+00	2.0023529693e+00
1.0000000000e-01	5.0000000000e-02	4.3219046374e+00	1.9612806697e+00
1.0000000000e-01	6.0000000000e-02	4.3692874703e+00	1.9138978369e+00
1.0000000000e-01	7.0000000000e-02	4.4217738726e+00	1.8614114346e+00
1.0000000000e-01	8.0000000000e-02	4.4782229210e+00	1.8049623861e+00
1.0000000000e-01	9.0000000000e-02	4.5375975334e+00	1.7455877738e+00
1.0000000000e-01	1.0000000000e-01	4.5989815959e+00	1.6842037113e+00
